0.7244876507293305
0.21254284435450765
0.4780234432108086
0.11443386955331492
0.6039664341554787
0.7663785659934201
0.31433107401380367
0.0896320224454803
0.9829885646778
0.3017563296003858
0.6302241938228359
0.6616575618787137
0.6515864078306326
0.8749277137204305
0.4393075947438163
0.9929373663729424
0.01955271064167463
0.04785051103958282
0.3338684031071655
0.3668117590896518
0.012384501090589861
0.9044732740661434
0.9804470809965067
0.7336582996809082
0.6295784781460745
0.33005573418503054
0.14977783214194584
0.9395053536503606
0.7221112918265102
0.997658013425424
0.9846687091506952
0.5627727561467333
0.9654332176436133
0.303848689737364
0.653747298172602
0.8265374053275463
0.03704773288123797
0.7605289694532416
0.9936058861394472
0.1963200550244919
0.5929892911316137
0.9889340037028582
0.46138224130685956
0.25588715321933786
0.8551959130290743
0.6290798614130959
0.028654656506267306
0.49898126066401116
0.5517502812791271
0.5078547662527049
0.30425822810257985
0.44377560397037064
0.4193753920332939
0.7976854249690912
0.0003690919930035008
0.9434650072644397
0.59161110117445
0.6543484130964672
0.23849822644290897
0.947128239075077
0.7051158841628415
0.7189921205094791
0.20095727756599557
0.5639412705817244
0.4190180780685009
0.013630686648675727
0.4049150766611238
0.226403559580727
0.38770599888438295
0.8464435533098393
0.7394960291670967
0.2609534008643588
0.3064198359468482
0.7693399337446349
0.8779039050405
0.9065841766180922
0.6166104758285762
0.5990060976332474
0.8891141589367166
0.03922990413607352
0.5887442174970303
0.7341448484748578
0.47198024052541276
0.08910770242712629
0.5141018237758437
0.1108675165504378
0.15267222657460366
0.9307399247164678
0.5166435987028033
0.8152266931844807
0.32501888247033506
0.11470114412167631
0.6247477807511139
0.6681142043935648
0.5285928430812497
0.612413667209512
0.3470486050201034
0.26213401124958846
0.23382745337614907
0.10757047736329595